uint64_t dummy[8] = {12456, 78234, 98765, 12345, 67890, 23456, 45678, 87654};

uint64_t dummy[64] = {
    12456, 78234, 98765, 12345, 67890, 23456, 45678, 87654,
    90123, 34567, 78901, 23456, 89012, 56789, 12345, 67890,
    13579, 24680, 97531, 86420, 75319, 64208, 53197, 42086,
    12345, 98765, 67890, 23456, 87654, 45678, 78234, 12456,
    54321, 67890, 12345, 98765, 24680, 13579, 86420, 97531,
    56789, 89012, 34567, 78901, 23456, 90123, 87654, 45678,
    42086, 53197, 64208, 75319, 86420, 97531, 13579, 24680,
    67890, 23456, 12345, 98765, 87654, 45678, 78234, 12456
};

uint64_t dummy[128] = {
    12456, 78234, 98765, 12345, 67890, 23456, 45678, 87654,
    90123, 34567, 78901, 23456, 89012, 56789, 12345, 67890,
    13579, 24680, 97531, 86420, 75319, 64208, 53197, 42086,
    12345, 98765, 67890, 23456, 87654, 45678, 78234, 12456,
    54321, 67890, 12345, 98765, 24680, 13579, 86420, 97531,
    56789, 89012, 34567, 78901, 23456, 90123, 87654, 45678,
    42086, 53197, 64208, 75319, 86420, 97531, 13579, 24680,
    67890, 23456, 12345, 98765, 87654, 45678, 78234, 12456,
    23456, 87654, 45678, 78234, 12456, 90123, 34567, 78901,
    23456, 89012, 56789, 12345, 67890, 13579, 24680, 97531,
    86420, 75319, 64208, 53197, 42086, 12345, 98765, 67890,
    23456, 87654, 45678, 78234, 12456, 54321, 67890, 12345,
    98765, 24680, 13579, 86420, 97531, 56789, 89012, 34567,
    78901, 23456, 90123, 87654, 45678, 42086, 53197, 64208,
    75319, 86420, 97531, 13579, 24680, 67890, 23456, 12345
};

uint64_t dummy[256] = {
    12456, 78234, 98765, 12345, 67890, 23456, 45678, 87654,
    90123, 34567, 78901, 23456, 89012, 56789, 12345, 67890,
    13579, 24680, 97531, 86420, 75319, 64208, 53197, 42086,
    12345, 98765, 67890, 23456, 87654, 45678, 78234, 12456,
    54321, 67890, 12345, 98765, 24680, 13579, 86420, 97531,
    56789, 89012, 34567, 78901, 23456, 90123, 87654, 45678,
    42086, 53197, 64208, 75319, 86420, 97531, 13579, 24680,
    67890, 23456, 12345, 98765, 87654, 45678, 78234, 12456,
    23456, 87654, 45678, 78234, 12456, 90123, 34567, 78901,
    23456, 89012, 56789, 12345, 67890, 13579, 24680, 97531,
    86420, 75319, 64208, 53197, 42086, 12345, 98765, 67890,
    23456, 87654, 45678, 78234, 12456, 54321, 67890, 12345,
    98765, 24680, 13579, 86420, 97531, 56789, 89012, 34567,
    78901, 23456, 90123, 87654, 45678, 42086, 53197, 64208,
    75319, 86420, 97531, 13579, 24680, 67890, 23456, 12345,
    78901, 90123, 23456, 87654, 56789, 67890, 23456, 97531,
    56789, 89012, 34567, 78901, 23456, 89012, 13579, 24680,
    42086, 53197, 64208, 75319, 86420, 97531, 13579, 24680,
    67890, 23456, 12345, 98765, 87654, 45678, 78234, 12456,
    23456, 87654, 45678, 78234, 12456, 90123, 34567, 78901,
    23456, 89012, 56789, 12345, 67890, 13579, 24680, 97531,
    86420, 75319, 64208, 53197, 42086, 12345, 98765, 67890,
    23456, 87654, 45678, 78234, 12456, 54321, 67890, 12345,
    98765, 24680, 13579, 86420, 97531, 56789, 89012, 34567,
    78901, 23456, 90123, 87654, 45678, 42086, 53197, 64208,
    75319, 86420, 97531, 13579, 24680, 67890, 23456, 12345
};

